17 -0.265554 0.325826 0.826398
206 -0.385422 0.388746 0.716047
2254 -0.384079 0.310418 0.589323
2293 -0.235688 0.249817 0.904114
2567 -0.229538 0.414848 0.87573
2914 -0.219854 0.35231 0.923024
2928 -0.179157 0.421442 1.04286
2933 -0.193138 0.35608 1.07584
3103 -0.0821598 0.26841 1.19754
3188 -0.0603866 0.305654 1.25108
3261 -0.402617 0.33582 0.74392
3376 -0.189215 0.25101 0.897585
3654 -0.222208 0.399262 1.06846
4107 -0.378009 0.299174 0.683298
4347 -0.110189 0.359226 1.27998
4504 -0.614547 -0.569051 1.32925
4599 -0.44473 0.198819 0.791913
4692 -0.312867 0.409414 0.981717
4704 -0.669248 -0.706022 1.6174
4750 -0.221876 0.0296819 1.27909
4823 -0.0720303 0.402374 1.30086
4838 -0.276072 0.41265 1.09296
4840 -0.0599121 0.274128 1.38422
4846 0.0554484 0.205411 1.65829
4888 -0.0189519 0.19289 1.44441
4892 -0.0496607 0.181903 1.41082
4913 -0.0719453 0.450841 1.29705
4920 -0.115905 0.322866 1.30112
4924 0.0591994 0.306067 1.65048
4926 0.158431 0.00841415 1.71879
4927 0.0996011 0.421119 1.52251
4945 -0.0785033 0.269748 1.2364
4955 0.211317 0.285395 1.69461
4963 -0.46483 0.310018 0.753997
4977 -0.0247564 0.531375 1.44078
5128 -0.47659 0.346632 0.746683
5146 -0.428975 0.257403 0.815687
5184 -0.452484 0.407435 0.877187
5200 0.419384 0.259618 2.04434
5264 -0.362989 -0.430365 0.99261
5538 -0.438797 0.246375 0.788759
5690 0.17736 0.455506 1.7319
5722 -0.26229 0.473093 1.31052
5983 -0.0159273 0.59309 1.18175
6034 -0.217867 0.467428 1.08163
6120 -0.394877 0.488634 1.13468
6145 -0.54796 -0.484671 1.29249
6191 -0.452887 -0.385544 0.995208
6196 -0.199178 0.181075 1.15034
6226 0.0725559 0.498036 1.60733
6243 0.184764 0.461052 1.62434
6262 -0.189202 0.38088 1.08879
6266 0.385571 0.293827 1.46311
6277 -0.418017 -0.41486 0.967559
6283 0.360555 -0.0478219 1.54774
6285 -0.464878 -0.487129 1.32443
6297 0.403284 0.388239 1.58518
6321 -0.461915 -0.592858 1.30513
6363 -0.436357 0.301323 0.685561
6415 0.371783 0.00436729 1.53078
6426 -0.631621 -0.591175 1.31209
6476 0.40066 0.412732 1.56437
6483 -0.350941 -0.362384 0.946918
6507 -0.23387 0.157518 0.996206
6518 -0.196658 0.167079 0.860311
6520 -0.435786 0.326071 0.747335
6542 0.564198 -0.0901407 1.74568
6543 -0.18109 0.126072 0.73041
6555 0.492252 0.284845 2.30403
6565 0.441694 0.616884 1.20234
6588 -0.44516 -0.586934 1.18632
6603 0.71698 0.416927 1.56262
6615 -0.253571 0.29268 1.06894
6616 0.905043 0.474331 1.75645
6625 0.969574 0.3791 2.118
6627 0.758059 0.329118 1.65076
6630 1.01522 0.0585212 2.32734
6631 0.579367 0.507952 1.30823
6634 0.717271 0.531407 2.27619
6653 0.371758 0.3117 1.56438
6675 1.15623 0.515719 2.24462
6678 0.997442 0.46498 1.98692
6679 0.826452 0.475521 1.682
6694 0.439389 -0.714535 1.79109
6695 -0.409648 -0.379905 1.04442
6741 1.20932 0.3976 2.03498
6745 -0.0564222 0.502078 0.942351
6752 1.05846 -0.670344 2.34884
6754 0.381801 0.465108 1.57416
6765 -0.43192 0.27273 0.781386
6795 -0.374847 0.31359 0.679848
6797 0.255154 0.49612 1.11675
6802 0.905262 0.466461 1.96876
6807 -0.179969 0.453384 1.12566
6814 0.720831 0.733428 1.50807
6823 0.579934 0.448242 1.94924
6826 1.06684 0.413497 2.07521
6830 -0.445987 0.194602 0.742788
6833 0.661346 -0.0932157 1.92478
6847 -0.349703 -0.325926 0.708185
6870 0.609345 0.694182 1.44471
6871 -0.404031 -0.405491 0.852036
6876 0.179661 -0.667232 1.90193
6882 0.676789 0.376264 1.98388
6887 0.68013 0.430148 2.16206
6899 -0.209033 0.428657 1.07633
6907 -0.296943 0.349518 0.903681
6924 0.802217 -0.582237 2.04662
6928 1.32564 0.52855 2.23391
6931 1.92133 0.253742 1.80601
6932 -0.412384 0.387432 0.74792
6934 -0.701907 -0.579448 1.59891
6940 -0.41661 0.367555 0.73898
6952 1.28796 0.654576 2.14828
6956 0.837192 -0.072098 2.02434
6958 1.01546 -0.0274965 2.28006
6961 1.58041 -0.16208 1.60892
6964 0.555236 0.2269 1.50548
6978 0.0429709 0.232824 1.65677
6980 1.16405 0.593505 1.96894
6984 0.390397 -0.620988 1.58916
6992 0.420141 -0.730052 1.65987
7003 0.563715 0.476668 1.56096
7005 0.779042 0.0312624 2.05822
7010 0.57165 0.485736 1.82646
7018 0.377841 -0.0761616 1.55054
7025 -0.412715 0.274072 0.734183
7027 -0.396916 0.355296 0.731558
7032 -0.447079 0.281213 0.741664
7033 0.835419 0.536739 1.59691
7051 -0.305846 0.466333 1.19511
7085 0.137322 -0.598179 1.4699
7095 0.81318 0.479975 2.29812
7099 0.711735 0.600129 1.5353
7100 0.685777 0.7542 1.6347
7103 0.639704 0.413195 1.79439
7125 0.394612 0.331577 1.58968
7131 -0.47995 -0.439919 1.00918
7145 -0.0665719 0.360356 1.26541
7161 -0.0590207 0.481013 1.3502
7201 0.912517 0.577867 1.65363
7206 0.824331 -0.684276 2.0806
7223 -0.0752185 0.273305 1.17405
7230 -0.43983 -0.588711 1.25109
7242 0.409452 0.29641 1.74999
7260 -0.268101 0.469676 1.06352
7263 -0.480414 0.419534 0.828486
7266 -0.457837 -0.531755 1.23531
7271 0.0295067 0.205615 1.62102
7303 -0.532414 0.373496 0.855869
7326 0.575169 0.343468 1.9376
7329 0.296851 -0.565816 1.30562
7333 0.745663 0.271514 1.78904
7351 0.471696 0.278622 1.7295
7354 -0.589082 -0.741971 1.40426
7355 -0.465922 -0.512354 1.27524
7369 -0.345164 0.482376 1.10136
7372 -0.494032 -0.536032 0.990994
7374 -0.383931 -0.424852 0.824258
7378 -0.371672 0.340613 0.647213
7384 0.118013 0.42105 1.49989
7386 -0.257582 0.295977 1.1479
7392 0.358559 0.281783 1.83694
7413 -0.497377 -0.666036 1.36828
7416 -0.222917 0.226702 0.951889
7433 -0.3122 -0.399077 0.802174
7437 -0.501146 0.344236 0.852072
7443 -0.473797 0.375657 0.801635
7445 0.435883 0.298308 1.96146
7481 -0.2998 0.483176 1.02837
7492 -0.487613 -0.448191 1.28487
7499 -0.529583 -0.640734 1.21491
