2 0.890185 0.340715 2.36774
3 -0.509961 -0.0753178 1.01287
4 0.730682 0.610015 2.54875
6 1.05455 0.482785 1.97466
9 -0.527423 -0.110861 1.05268
11 1.56253 0.403725 2.47786
12 1.60857 0.426792 2.08774
15 0.210411 0.346812 2.61615
17 0.949448 0.533269 2.56967
19 -0.520571 -0.104614 1.00303
20 -0.510154 -0.4941 1.35918
26 1.51876 0.50989 1.64667
27 0.866413 0.396433 2.32251
28 0.96539 0.62643 1.25261
38 0.0552448 0.299364 2.01464
44 0.0119033 0.141505 2.29436
46 0.823369 0.501411 1.30511
47 1.40239 0.325791 2.00561
48 -0.545339 -0.0815907 1.01703
50 0.662159 0.479499 1.16321
51 2.07559 0.522776 2.23009
53 0.745777 0.491804 1.25163
55 0.830815 0.504257 1.3556
56 0.468945 0.56377 1.19002
57 0.481745 -0.819704 1.67597
58 -0.450053 -0.120246 1.06005
60 0.604134 0.476765 1.17647
62 -0.512065 -0.437041 1.34934
69 0.132694 0.437012 2.67246
72 0.715977 -0.115372 2.15597
76 1.58656 0.450484 1.93115
83 1.70881 0.016044 2.02259
85 -0.50432 -0.214305 1.30763
86 -0.298528 0.295074 1.69145
88 0.723582 0.454016 2.5385
90 1.20262 0.486599 2.3353
91 0.521229 0.377417 1.79552
93 0.273438 0.566596 2.14924
95 -0.488084 0.450979 1.37026
97 1.00888 0.593494 1.25661
105 -0.295756 0.0829409 2.78641
107 -0.0549769 0.102078 2.46807
114 0.509518 0.535501 1.2328
115 -0.511439 -0.112377 1.22641
122 0.61804 0.578487 2.20381
127 -0.492799 -0.0362205 0.971483
128 1.71546 0.447277 2.48159
138 -0.514454 -0.336489 1.32757
139 0.0867298 0.624353 2.16924
143 -0.496574 -0.287318 1.33626
144 -0.379995 -0.514255 2.71762
160 -0.477308 -0.468602 0.941034
161 -0.564357 -0.512374 1.1387
163 1.03391 0.389739 2.10172
166 -0.588813 -0.313993 1.50357
168 -0.533955 -0.211042 1.18424
169 -0.0100594 -0.512888 2.65217
173 -0.397876 -0.388116 0.924146
174 -0.112272 0.0779455 2.6076
183 1.0101 0.665929 2.83278
189 -0.170384 0.592213 2.11144
199 -0.341375 -0.409236 2.50247
201 -0.093399 -0.0702707 2.36799
203 -0.157304 0.756046 2.19442
204 -0.360955 0.558574 2.46429
207 -0.478136 -0.175409 1.12094
211 -0.424574 -0.412795 1.04407
213 -0.397193 0.463467 2.33762
219 1.37802 -0.772234 1.42221
221 -0.403967 0.607033 2.34039
223 0.700765 -0.2293 2.42394
225 -0.261033 0.0362251 2.68679
226 -0.265024 -0.0573044 2.71612
237 -0.491395 -0.423412 1.34891
244 0.470517 -0.737985 1.7301
246 1.05455 0.355561 2.09027
249 -0.530451 -0.134759 1.03836
253 -0.483607 -0.391948 1.34057
255 -0.514553 -0.337067 1.39698
256 -0.542818 -0.110544 1.19365
260 1.55442 0.449121 2.76367
262 0.934326 0.21318 1.64186
263 0.983978 0.444788 2.50313
264 -0.535651 -0.292104 1.05145
267 2.10069 0.440064 3.37393
268 -0.522349 -0.247232 1.24031
272 -0.517624 -0.0588995 0.954769
273 -0.515503 -0.327208 1.03251
283 0.849589 0.478749 1.97347
288 1.18333 0.560034 2.72092
291 0.643382 -0.175003 2.16804
292 1.52621 -0.395873 2.13958
293 0.965903 -0.685238 1.75566
305 -0.475985 -0.197053 0.948318
309 0.901522 -0.706234 1.96693
310 0.544984 1.02178 2.16852
311 -0.453981 -0.0434295 0.943694
321 -0.41552 0.551272 2.29653
324 1.50147 0.287475 1.83899
327 -0.416201 0.706802 2.32013
328 1.68728 0.58302 2.51268
330 1.51144 0.0642877 2.08245
333 -0.501185 -0.48921 1.37931
337 -0.502697 -0.268013 1.43572
339 0.808057 0.508855 2.09857
345 -0.296736 -0.11013 2.77726
346 0.106039 0.520732 2.33172
348 1.56762 0.36007 2.07107
350 0.678226 0.357275 2.44907
352 1.60501 0.0676182 1.89536
360 1.54502 0.0124531 1.73287
361 -0.476406 -0.429748 1.14025
371 -0.564191 -0.449899 1.13934
375 -0.640698 -0.596106 1.61197
376 -0.462304 -0.0872592 1.06443
377 -0.0567901 0.540214 2.27123
380 -0.347538 0.33014 2.70644
385 -0.131678 0.582937 2.23296
388 0.681714 0.511728 2.55461
391 -0.233637 0.538177 2.25509
396 -0.4798 -0.257052 1.10549
404 -0.144814 0.533743 2.56748
408 -0.117055 -0.0103591 2.51408
410 0.795346 0.498411 1.96601
411 -0.340537 0.145765 2.5508
412 1.46093 -0.440028 2.04189
413 -0.529654 -0.164554 1.04614
415 0.98127 0.324308 2.14155
427 0.923366 -0.210874 2.81643
436 0.267901 0.452249 2.76587
448 0.87601 0.468523 2.12899
493 1.0047 -0.691707 1.9154
505 -0.508534 -0.27391 1.39663
516 0.550723 -0.150035 1.55266
529 1.27235 -0.6805 1.46993
534 -0.483371 -0.119292 1.17319
536 1.05751 0.345373 2.69904
539 0.121782 0.292847 2.42049
542 1.3456 0.442721 2.01018
546 1.47942 0.12735 2.19203
566 0.888755 -0.288812 2.90438
570 1.10335 0.391238 2.12211
584 -0.493008 -0.443411 1.26035
590 -0.471017 -0.4478 0.934169
594 -0.341422 0.310718 2.21651
620 0.798342 -0.185396 2.28977
640 -0.30788 0.526647 2.49493
643 1.05878 -0.523515 1.58134
658 -0.453378 -0.435684 1.02253
670 -0.485586 -0.136606 1.08018
674 1.38879 -0.408314 2.11962
675 0.0207701 -0.38376 2.73254
744 0.593802 0.575659 1.18469
766 -0.352917 0.763728 2.22947
827 0.996924 0.62487 1.24572
865 -0.484187 -0.148099 0.71938
900 1.47049 -0.342642 2.25385
941 0.279983 0.222236 0.469639
954 -0.434128 -0.379515 0.98363
980 0.954964 -0.666197 1.65761
1109 -0.515904 -0.296716 0.605129
1114 -0.508021 -0.301926 0.578066
1161 -0.535777 -0.0670103 1.24674
1216 -0.463751 -0.24806 1.07353
1292 -0.45021 -0.43512 1.12674
1368 -0.537557 -0.247732 1.10786
1392 -0.489711 -0.292883 0.582977
1394 -0.697086 -0.414032 0.765061
1398 -0.56679 -0.512385 1.21964
