4 0.104625 0.29223 0.935689
15 -0.376784 0.0609284 0.692286
17 0.280528 0.198354 1.05582
88 0.103013 0.139121 0.903346
206 0.131708 0.279315 1.01336
296 -0.592537 0.159881 1.20481
418 -0.759679 -0.158852 0.929185
436 -0.404553 0.145409 0.862371
539 -0.351588 0.0346154 0.473833
1756 -0.435532 0.139449 0.717789
2254 0.0714625 0.215345 0.893052
2356 0.145811 -0.482488 1.05833
2485 0.108924 -0.517653 1.1317
2567 0.342455 0.279384 1.09124
2914 0.365324 0.211622 1.12481
2928 0.459581 0.264955 1.22003
2933 0.454793 0.197228 1.25078
3103 0.59808 0.0909397 1.30542
3188 0.644029 0.120884 1.34689
3261 0.123042 0.224664 1.04185
3376 0.372367 0.112208 1.08106
3448 0.482859 0.302306 0.85898
3654 0.429628 0.24246 1.26
4347 0.616654 0.17358 1.39846
4504 0.0950337 -0.726021 1.59116
4704 0.155408 -0.890514 1.86333
4750 0.484257 -0.147402 1.42118
4823 0.664005 0.212071 1.40394
4838 0.392876 0.255971 1.30634
4840 0.698133 0.075019 1.46389
4846 0.912055 -0.0293434 1.65491
4882 0.396827 0.283232 1.21047
4888 0.752846 -0.0143964 1.49409
4892 0.709861 -0.0199779 1.47639
4893 -0.387862 0.0639046 0.795746
4920 0.617032 0.135488 1.41717
4924 0.921734 0.0712152 1.65386
4926 1.01163 -0.237027 1.6498
4927 0.9146 0.197219 1.53009
4931 1.03014 0.219709 1.76397
4945 0.618044 0.0878243 1.33884
4963 0.0688895 0.201301 1.0759
4977 0.778459 0.322278 1.51886
4984 0.500117 0.0526057 1.59717
5066 1.35751 0.0547598 2.87508
5103 0.235165 -0.557126 1.34129
5128 0.0586974 0.239075 1.07719
5184 0.141774 0.283868 1.18855
5264 0.191291 -0.565124 1.1903
5322 0.8327 0.329159 1.57979
5382 -0.546382 0.0381901 0.910414
5466 0.084889 0.0971284 1.27746
5564 0.312709 0.452004 1.00846
5571 0.533791 0.261065 1.52987
5625 0.134042 0.371108 0.841156
5681 0.377313 0.46518 1.20728
5690 1.07702 0.204284 1.68709
5730 0.0823942 0.25882 1.12006
5744 0.564597 0.224438 1.27546
5769 0.235186 -0.785427 1.57291
5923 0.602795 0.0748768 1.75291
5931 0.0749608 0.30583 1.17392
5945 0.0729823 0.220461 1.04365
5990 0.241094 -0.606848 1.51488
6034 0.445661 0.308446 1.27509
6035 -0.413788 0.136282 0.863115
6058 0.329165 0.259523 1.28037
6120 0.311015 0.333225 1.401
6131 0.0770971 -0.576734 1.17288
6156 0.407702 0.0554939 1.2107
6157 0.200939 0.358667 0.758642
6159 0.123987 -0.638569 1.3761
6163 0.272598 -0.766343 1.62085
6168 0.368746 0.145043 1.10864
6188 0.672657 0.256947 1.37587
6196 0.464341 0.015711 1.30712
6202 0.913592 0.185942 1.41637
6203 0.107669 0.215534 1.16471
6204 0.835018 0.307311 1.53895
6208 0.0761082 0.302123 1.25861
6220 0.711411 0.12417 1.49661
6223 0.653221 0.249799 1.33934
6226 0.933743 0.265751 1.62379
6238 1.01353 0.0498975 1.2623
6277 0.132598 -0.544035 1.1928
6279 1.01483 -0.0343 1.29504
6285 0.235481 -0.652239 1.52818
6297 1.21138 0.14139 1.45238
6301 1.0848 0.11587 1.28576
6342 -0.514787 0.0885156 1.1706
6373 0.905498 0.304281 1.07212
6402 0.829092 0.270511 0.977044
6429 0.167806 -0.587323 1.47889
6438 0.980302 0.104539 1.00818
6476 1.2025 0.168115 1.43668
6483 0.18918 -0.493305 1.14916
