3 -0.0607821 -0.161699 0.978231
4 1.64297 0.404146 2.04823
9 -0.0646927 -0.200177 1.01894
15 1.16936 0.136618 2.26874
38 0.819021 0.135285 1.75357
45 1.77621 -0.357171 2.06128
62 0.0414561 -0.548073 1.26862
69 1.11759 0.222261 2.35436
85 0.0404456 -0.322802 1.24287
88 1.62877 0.249387 2.0298
93 1.07671 0.391427 1.82515
95 0.0941536 0.33575 1.34393
105 0.743737 -0.139435 2.58093
107 0.863294 -0.0960572 2.20211
115 0.00897111 -0.214966 1.17641
122 1.41968 0.399078 1.76049
139 0.909289 0.447509 1.91129
144 0.625735 -0.729621 2.50201
161 -0.0808273 -0.607086 1.0833
169 0.951746 -0.723296 2.31542
174 0.85587 -0.130774 2.35067
180 0.0154232 -0.558432 1.10667
198 0.758531 0.543072 2.11099
199 0.592153 -0.608475 2.29463
201 0.788873 -0.260251 2.10885
203 0.691601 0.576919 2.02703
204 0.585979 0.359426 2.33499
206 1.72104 0.397372 2.07637
213 0.506641 0.274279 2.22159
221 0.504932 0.417214 2.2368
223 1.55087 -0.423176 1.88096
225 0.741557 -0.178407 2.47235
226 0.745275 -0.273903 2.4945
237 0.0611127 -0.534453 1.26219
249 -0.0729962 -0.222912 1.00482
253 0.066443 -0.502445 1.25399
255 0.0577979 -0.45203 1.32134
268 -0.00010413 -0.350488 1.18345
273 -0.0659095 -0.414353 0.980433
296 1.42171 0.257839 2.75929
310 1.35055 0.843782 1.78398
321 0.477802 0.36497 2.19555
327 0.48917 0.518242 2.2291
333 0.0604587 -0.602381 1.2893
337 0.0838296 -0.38614 1.35863
345 0.734712 -0.331243 2.55881
346 0.979629 0.331774 2.04974
361 0.00459435 -0.524829 1.0609
377 0.806503 0.355838 2.04953
380 0.674434 0.113157 2.5412
385 0.724227 0.401369 2.04206
391 0.634603 0.35506 2.09413
404 0.823547 0.32676 2.35681
413 -0.0703937 -0.253214 1.00971
418 1.12802 -0.0847831 2.71629
423 0.0488425 -0.475012 1.21874
427 1.89332 -0.434817 2.17511
436 1.27674 0.230302 2.3973
449 0.888784 0.183453 1.81811
539 1.0185 0.0977703 2.11132
559 0.989156 -0.177263 2.49814
566 1.88843 -0.519243 2.26374
584 0.029172 -0.547626 1.17822
591 -0.0642658 -0.122235 1.04335
594 0.514252 0.131224 2.0781
640 0.645434 0.325246 2.34346
673 0.599324 -0.961082 2.37238
675 1.01125 -0.60069 2.38966
706 0.90602 0.236414 1.91964
766 0.519582 0.581921 2.12671
886 1.26227 0.480059 1.74758
1074 1.13687 -0.759552 1.57679
1161 -0.005887 -0.171282 1.20698
1368 -0.0591494 -0.340864 1.06431
1441 -0.025498 -0.294273 1.05131
1524 0.885787 -0.286576 2.37662
1546 0.0369548 -0.469514 1.29705
1558 1.64197 0.368701 2.08066
1564 -0.00654519 -0.544702 1.06367
1607 1.05512 0.512345 1.83884
1671 1.06377 0.20782 2.37779
1704 0.367588 -0.338535 1.11235
1756 1.14598 0.213873 2.33
1767 0.514822 1.09917 2.2284
1800 -0.0440756 -0.136923 1.02647
1808 0.0630885 0.766856 1.42084
1821 0.959672 0.498124 1.98879
1823 0.595369 0.858734 1.65213
1855 0.675523 0.441371 2.0336
1859 0.0659696 -0.365421 1.24497
1864 -0.0444416 -0.384224 1.09238
1866 1.1791 0.137069 2.25243
1877 0.59057 0.291223 2.48871
1881 0.682446 0.511794 2.0744
1883 1.5839 0.167844 2.00954
1886 0.864698 0.448252 1.94413
1887 -0.00448242 -0.3933 1.19248
1938 -0.093006 -0.146456 0.97906
1941 0.904565 0.606877 1.90354
1948 -0.0572451 -0.454126 0.891157
1951 1.59423 0.283588 2.04938
1952 0.596037 0.440408 1.36156
1955 0.667534 0.991538 1.91698
1959 0.992431 0.94912 2.24129
1975 -0.0188877 -0.492298 0.983341
1980 -0.164465 0.538062 1.16728
1993 0.0231248 -0.404708 0.993414
1999 -0.0242889 -0.269031 1.19562
2017 -0.0667477 -0.31172 1.0231
2040 0.767895 -0.206837 2.25338
2059 -0.0527633 -0.165166 0.906942
2076 -0.153736 -0.225715 0.753413
2080 -0.0554854 -0.148332 0.99655
2090 -0.02828 -0.419957 0.784225
2098 -0.0298813 -0.428262 0.878327
2104 -0.561888 -0.285593 0.578404
2115 0.664768 -0.0601649 2.55667
2121 0.887115 0.481944 1.73673
2137 0.00388152 -0.464174 1.00716
2150 -0.0105591 -0.479825 0.887851
2157 0.830731 -0.297296 2.46459
2159 0.39042 0.266748 1.40491
2162 0.00683268 -0.251192 1.01177
2180 1.2679 0.256856 1.59109
2183 0.0125854 -0.27409 0.865195
2186 0.800098 -0.239456 2.27931
2194 -0.0654112 -0.335598 1.03486
2211 1.10234 0.459792 1.88016
2280 1.80942 -0.465572 2.14092
2282 0.06701 -0.523994 1.14206
2290 1.4922 0.125298 1.57218
2293 1.93319 0.246297 1.98014
2300 1.84507 0.385366 1.95689
2309 -0.0157838 -0.291256 1.19451
2312 0.826657 0.473648 1.9228
2342 1.29267 -0.304952 1.47013
2356 1.82342 -0.358691 2.09765
2366 0.867047 -0.196499 2.41835
2370 1.21559 -0.31344 1.48624
2402 1.82549 -0.439631 1.98174
2406 -0.0622891 -0.396912 1.08526
2408 1.82787 -0.38751 2.09181
2414 1.28208 -0.229494 1.54878
2423 0.631097 -0.109506 2.48779
2424 0.344068 -0.331756 1.1343
