2 0.619681 0.413566 2.45346
3 -0.649259 -0.00507268 0.975724
4 0.453831 0.696059 2.6065
6 0.829633 0.532754 2.07474
11 1.27911 0.455492 2.63107
12 1.36614 0.460491 2.24735
15 -0.0812574 0.455881 2.62876
17 0.66583 0.611985 2.65313
19 -0.660023 -0.0343289 0.965931
20 -0.702905 -0.408728 1.33558
22 -0.118212 0.854491 1.88743
24 0.742932 0.246644 1.69255
26 1.32598 0.528468 1.79649
27 0.603081 0.468213 2.40393
28 0.821702 0.649431 1.34245
36 -0.112875 0.595594 2.95138
38 -0.175299 0.389311 2.0165
44 -0.253934 0.245026 2.29586
45 0.530345 -0.0572185 2.76222
46 0.66987 0.532205 1.38441
47 1.16548 0.364068 2.1479
48 -0.685112 -0.00981565 0.97639
50 0.523406 0.51054 1.22729
51 1.81958 0.544494 2.43422
53 0.597883 0.523334 1.32348
55 0.672171 0.536871 1.43526
56 0.332183 0.603146 1.23051
57 0.236325 -0.75833 1.7667
58 -0.596497 -0.0502391 1.03059
60 0.464258 0.510571 1.23449
62 -0.70138 -0.352098 1.32346
69 -0.160502 0.551243 2.67318
72 0.449204 -0.0440021 2.24185
76 1.36145 0.478448 2.08854
83 1.45516 0.0438664 2.20855
85 -0.679977 -0.131753 1.27446
86 -0.493645 0.385001 1.65837
88 0.441253 0.540151 2.60142
90 0.939666 0.545978 2.44853
91 0.31371 0.440369 1.84471
93 0.0388955 0.653433 2.16313
95 -0.642249 0.534466 1.31343
97 0.863113 0.61506 1.35222
105 -0.612988 0.218792 2.75475
107 -0.34001 0.215455 2.46295
114 0.366889 0.575164 1.27834
115 -0.674359 -0.0331056 1.18918
122 0.376208 0.654471 2.25306
124 -0.113577 0.117161 0.377953
127 -0.626279 0.0315825 0.934932
128 1.43253 0.493312 2.6492
137 -0.544684 0.835137 3.24079
138 -0.697263 -0.252524 1.2978
139 -0.146275 0.719035 2.16124
143 -0.678318 -0.203749 1.30647
144 -0.714784 -0.377117 2.69997
156 0.457751 -0.161688 2.91264
158 -0.682183 -0.375138 1.02764
160 -0.625979 -0.401969 0.922528
161 -0.734757 -0.434111 1.11147
163 0.792066 0.445943 2.20234
166 -0.788395 -0.219891 1.46406
168 -0.696538 -0.132516 1.1486
169 -0.34034 -0.392556 2.6737
171 -0.667836 -0.3439 1.01771
173 -0.541903 -0.325338 0.911059
174 -0.412383 0.199363 2.5965
180 -0.655648 -0.382532 1.16856
183 0.704507 0.753105 2.91597
189 -0.397167 0.694316 2.07803
193 -0.64359 -0.342642 1.12805
196 -0.614632 -0.0242503 0.925561
198 -0.363342 0.837943 2.26363
199 -0.649744 -0.282712 2.48628
201 -0.375121 0.0406666 2.36593
203 -0.385831 0.860853 2.15572
204 -0.624428 0.682705 2.40995
206 0.511738 0.693151 2.66626
207 -0.633025 -0.101705 1.09022
208 -0.66815 -0.0511099 1.01674
211 -0.581867 -0.343958 1.02836
213 -0.651362 0.583843 2.28384
215 -0.189544 0.549119 2.37432
219 1.15523 -0.755623 1.60678
221 -0.652323 0.727553 2.28049
223 0.40159 -0.145987 2.51083
225 -0.570158 0.166673 2.66115
226 -0.5811 0.0746686 2.69339
229 -0.664282 -0.127808 1.16216
237 -0.680219 -0.339295 1.32469
239 -0.443289 0.850812 2.32643
244 0.223021 -0.674054 1.81625
246 0.812315 0.410556 2.19441
248 0.405802 0.570354 1.13196
249 -0.674764 -0.0625752 1.00114
252 -0.680634 -0.0415569 1.07605
253 -0.670292 -0.308525 1.31604
255 -0.704558 -0.2502 1.36679
256 -0.702079 -0.0314486 1.15326
258 -0.700273 -0.405813 1.34057
260 1.24342 0.513051 2.91256
262 0.733175 0.254265 1.74152
263 0.703288 0.519554 2.59394
264 -0.687922 -0.218926 1.01951
267 1.72284 0.508691 3.57667
268 -0.692326 -0.166751 1.20691
272 -0.650179 0.00918666 0.916568
273 -0.667423 -0.255531 1.00411
283 0.625904 0.536472 2.0522
286 0.963068 0.581357 1.24063
288 0.883751 0.636121 2.82697
291 0.373301 -0.100273 2.24846
292 1.24424 -0.355564 2.32111
293 0.714895 -0.639172 1.89165
296 -0.0589532 0.637952 3.16296
305 -0.613961 -0.1306 0.919712
309 0.628198 -0.648869 2.09564
310 0.325955 1.09837 2.1937
311 -0.585137 0.0217486 0.91166
319 0.759927 0.473927 1.03723
321 -0.661625 0.670491 2.23778
324 1.27954 0.315091 1.99414
327 -0.658178 0.826783 2.25532
328 1.40704 0.631208 2.67204
330 1.25487 0.10204 2.24551
333 -0.695866 -0.403347 1.35634
337 -0.693867 -0.180091 1.40394
339 0.572974 0.57333 2.17104
343 -0.663638 -0.387799 1.05067
345 -0.621162 0.0256857 2.75281
346 -0.148249 0.621625 2.32862
348 1.32435 0.394738 2.229
350 0.401341 0.441558 2.51142
352 1.36733 0.0939981 2.06928
353 1.34094 0.452483 1.85018
359 0.908782 0.550824 2.02318
360 1.32218 0.0344227 1.90358
361 -0.644029 -0.354899 1.11914
368 0.443332 -0.0619191 2.09321
370 -0.76591 -0.388236 1.28471
371 -0.732022 -0.371716 1.10978
374 -0.618211 -0.309481 0.982519
375 -0.863059 -0.495056 1.57692
376 -0.607733 -0.0166562 1.03242
377 -0.302988 0.644747 2.25069
380 -0.645754 0.46423 2.66057
385 -0.371651 0.688654 2.2032
388 0.400418 0.600035 2.61087
391 -0.477147 0.648767 2.21617
392 0.81082 0.623652 2.43677
396 -0.636526 -0.183799 1.07776
399 0.364599 -0.0284365 1.92546
404 -0.421348 0.653997 2.53611
408 -0.411197 0.107479 2.50637
410 0.573601 0.557855 2.03836
411 -0.630491 0.273388 2.51356
412 1.18759 -0.401242 2.21883
413 -0.676032 -0.0920285 1.01008
415 0.732878 0.384282 2.23886
417 -0.20591 0.583298 2.44109
423 -0.669612 -0.285742 1.27378
