4 0.733004 0.420492 1.66152
15 0.20083 0.173569 1.67941
17 0.946681 0.336118 1.69906
88 0.721861 0.265034 1.64737
93 0.310007 0.399798 1.22424
105 -0.326011 -0.0764085 1.80095
122 0.648969 0.399174 1.30774
139 0.124199 0.463365 1.22974
144 -0.422995 -0.669078 1.71258
169 -0.0489958 -0.678824 1.67842
174 -0.128325 -0.0841832 1.63808
199 -0.363031 -0.561411 1.50373
204 -0.348672 0.407058 1.48474
206 0.792083 0.414665 1.7199
213 -0.37707 0.31559 1.35348
215 0.0867302 0.2806 1.43306
221 -0.379506 0.459225 1.35874
226 -0.293904 -0.216265 1.7305
296 0.231678 0.323745 2.22302
321 -0.389072 0.404709 1.31288
327 -0.38682 0.559708 1.33966
345 -0.332325 -0.269135 1.78763
346 0.126421 0.356146 1.39101
377 -0.0300167 0.38217 1.31752
380 -0.363 0.173828 1.72222
388 0.680631 0.323799 1.66114
391 -0.204842 0.386332 1.28656
418 -0.0305692 -0.017497 2.08063
427 0.876303 -0.411215 1.92679
539 0.127386 0.126247 1.4759
559 -0.0699734 -0.122456 1.82992
640 -0.299412 0.372813 1.51903
886 0.514243 0.480971 1.22612
1219 0.664442 -0.367896 1.57625
1524 -0.117774 -0.238288 1.68261
1558 0.717321 0.387265 1.69249
1607 0.289285 0.521597 1.22106
1855 -0.139282 0.468001 1.2439
1866 0.216461 0.172835 1.66863
1877 -0.410766 0.349037 1.62994
1883 0.686364 0.182869 1.61479
1885 0.13802 0.506988 1.25812
1886 0.0700733 0.466783 1.24097
1901 -0.284162 -0.12955 1.78514
1939 0.0842551 0.22096 1.57686
1941 0.129156 0.621926 1.212
1986 -0.124012 -0.18048 1.92213
2115 -0.38477 0.00201943 1.74175
2157 -0.204689 -0.242569 1.74016
2220 0.718284 -0.404384 1.63782
2254 0.686725 0.34035 1.64525
2261 0.839985 0.378608 1.57494
2280 0.813002 -0.443162 1.86254
2293 1.01914 0.25513 1.72905
2356 0.847708 -0.33952 1.82322
2400 0.743597 -0.351628 1.59711
2408 0.85308 -0.368711 1.82136
2485 0.848242 -0.367043 1.90821
2567 1.01541 0.419312 1.69574
2592 0.211785 0.369347 1.37336
2602 0.888248 -0.480105 1.95322
2608 0.940398 -0.457014 1.85526
2633 -0.0906823 0.436326 1.29922
2792 0.0718618 0.139842 1.31984
2849 0.840229 -0.422828 1.74812
2894 0.125399 0.332524 1.41006
2914 1.05283 0.354751 1.72169
2928 1.17786 0.415632 1.75985
2933 1.18925 0.35121 1.79557
2941 1.06677 0.304612 1.65775
2965 1.17058 0.35993 1.74186
3062 1.36776 0.200131 1.69351
3103 1.34505 0.248687 1.79035
3188 1.40369 0.281821 1.80417
3217 0.140339 1.02814 2.12279
3261 0.798601 0.363095 1.75413
3269 0.538914 0.561078 1.28302
3288 0.73979 -0.346379 1.43783
3314 0.952445 0.390554 1.6421
3319 0.79912 -0.364178 1.84671
3445 0.0991035 0.311528 1.60207
3448 1.03757 0.418133 1.42428
3532 0.650325 0.285807 1.6125
3589 1.24846 0.423432 1.79083
3628 0.921766 -0.444618 1.87305
3654 1.16942 0.397448 1.81083
3670 -0.316149 0.653164 1.34586
3698 -0.194043 0.511761 1.7262
3866 1.48193 0.131258 1.86124
3925 1.28924 0.364411 1.65043
3943 1.54847 0.127082 1.89145
3958 0.124362 0.283876 1.47259
3965 1.19809 0.00174206 1.82317
3971 -0.237255 -0.223506 1.61947
3997 1.38691 0.407734 1.70128
4014 1.26205 0.1625 1.88224
4036 1.47722 0.20834 1.78576
4067 0.93203 0.575259 2.44143
4153 0.201522 0.295175 1.75306
4156 0.679294 0.415975 1.67675
4168 1.70787 0.223839 1.92276
4169 1.50537 0.107081 1.69756
4173 1.4412 0.300916 1.86257
4179 -0.281307 -0.141605 1.64245
4184 -0.0693545 0.560009 1.29313
4185 -0.212344 0.438165 1.52619
4190 0.713715 0.2344 1.65088
4200 0.73502 -0.405394 1.7094
4203 0.0987847 0.498798 1.23323
4209 -0.318212 0.840758 1.74713
4220 -0.130711 0.35236 1.46778
4226 0.316224 0.682039 1.28439
4236 -0.26943 -0.185103 1.55082
4293 -0.148927 0.643378 1.33339
4304 0.847252 -0.408634 1.88784
4309 0.914076 0.33819 1.44317
4356 1.21206 0.18634 1.57278
4384 -0.0891361 0.341754 1.43349
4398 0.0834767 0.242179 1.54378
4403 0.757821 0.369545 1.69442
4407 1.26454 0.306507 1.62171
4410 0.593492 0.394851 1.34521
4414 -0.141424 0.597366 1.40373
4415 1.06183 0.454617 1.89588
4419 -0.203292 0.642385 1.32325
4421 -0.190114 -0.189114 1.85773
4439 -0.40275 0.000567454 1.87329
4442 -0.152139 0.393434 0.822804
