4 0.358715 0.642163 1.27073
17 0.553274 0.567592 1.37452
88 0.346884 0.486349 1.27928
105 -0.715406 0.161732 1.21317
144 -0.804479 -0.438549 1.19902
169 -0.434503 -0.449191 1.26338
206 0.40086 0.646608 1.3424
215 -0.212405 0.459237 0.910463
345 -0.723891 -0.0306625 1.2297
427 0.405165 -0.133647 1.69334
436 -0.157987 0.520262 1.33671
559 -0.476574 0.124098 1.31346
1756 -0.218128 0.481532 1.20716
1939 -0.253037 0.42371 1.0565
1951 0.310605 0.521472 1.26526
2220 0.325847 -0.175732 1.37639
2254 0.315699 0.559891 1.25624
2293 0.613311 0.49343 1.43455
2356 0.405916 -0.0800689 1.57581
2400 0.362218 -0.129984 1.33558
2482 0.362528 0.598022 1.25655
2485 0.384063 -0.0934196 1.6614
2567 0.62305 0.649969 1.37557
2894 -0.167635 0.507201 0.890077
2914 0.65072 0.590935 1.42019
2928 0.763754 0.658709 1.47871
2933 0.763787 0.601084 1.52599
2965 0.759609 0.600742 1.46862
2966 0.584889 0.341409 1.30102
3103 0.912691 0.500963 1.57715
3188 0.966869 0.536608 1.59998
3261 0.396943 0.601362 1.38496
3376 0.64628 0.483609 1.40261
3445 -0.242367 0.517342 1.06984
3512 0.723011 0.644153 1.41675
3654 0.742125 0.648944 1.52809
3866 1.02355 0.398265 1.69844
4014 0.806566 0.429843 1.65741
4304 0.387029 -0.137776 1.64838
4347 0.951919 0.602183 1.64075
4377 0.474672 -0.186653 1.8348
4415 0.61825 0.717856 1.5726
4455 0.546505 0.359973 1.17677
4489 0.387724 0.585436 1.50614
4504 0.459909 -0.18176 2.15247
4644 0.464458 -0.282848 1.9224
4769 0.528481 -0.123312 1.8417
4813 -0.193982 0.519309 1.20991
4823 1.00028 0.637208 1.62704
4841 -0.168956 0.458552 1.18587
4846 1.28882 0.446528 1.8784
4892 1.05455 0.427098 1.74581
4893 -0.157261 0.423954 1.29104
4905 -0.558521 0.0925833 1.29648
4909 -0.669016 0.069585 1.45763
4913 1.00449 0.683938 1.6143
4926 1.38029 0.237048 1.90711
4927 1.27102 0.634952 1.70206
4931 1.43263 0.705146 1.89573
4955 1.44431 0.492126 1.80254
4958 1.20094 0.620294 1.56291
4967 0.465629 0.728149 1.67711
4977 1.13846 0.763278 1.6859
4980 1.23744 0.547101 1.48633
4984 0.875853 0.54238 1.88229
4988 0.715576 0.595026 1.35046
5053 -0.840401 0.26734 1.23749
5066 1.97721 0.792346 2.92762
5074 0.455223 -0.246774 1.75207
5101 -0.228849 0.510596 1.53933
5103 0.549686 -0.0898608 1.84573
5125 -0.257758 0.50069 1.13847
5130 0.423085 -0.168979 1.91548
5138 -0.580551 0.0641656 1.39588
5140 -0.800757 0.13414 1.44216
5146 0.408678 0.537012 1.4728
5160 1.08957 0.593441 2.14792
5162 1.4292 0.766861 1.54105
5184 0.446792 0.693001 1.50535
5185 1.78475 -0.687446 2.20421
5198 0.454479 0.775891 1.66186
5199 1.94491 1.02126 2.02009
5200 1.81459 0.448921 1.96773
5207 -0.180691 0.571506 1.42299
5212 0.404243 0.554891 1.11867
5218 1.97658 0.120964 2.19828
5226 -0.216958 0.55152 1.27134
5229 0.507999 0.787406 1.74966
5230 1.31318 0.677955 1.36561
