4 1.27966 0.424331 1.94253
15 0.778717 0.153082 2.08387
17 1.49844 0.348224 1.91949
38 0.519404 0.142662 1.51749
48 -0.249428 -0.1791 0.619483
85 -0.158042 -0.329665 0.889148
86 0.114008 0.155986 1.26234
88 1.27038 0.269246 1.92374
93 0.758803 0.402599 1.62821
95 -0.128912 0.330408 0.990368
105 0.309853 -0.125252 2.3237
107 0.490553 -0.0839376 1.96969
115 -0.179105 -0.222845 0.817162
122 1.10766 0.413851 1.62163
139 0.57876 0.457422 1.68455
144 0.212916 -0.717548 2.23281
169 0.565433 -0.708964 2.10321
174 0.45878 -0.117359 2.11531
199 0.213177 -0.598757 2.0214
204 0.190155 0.369329 2.04929
213 0.131778 0.282164 1.9252
221 0.126047 0.425203 1.93831
223 1.22552 -0.405577 1.77153
226 0.327225 -0.260489 2.24025
229 -0.174416 -0.313654 0.778028
252 -0.216467 -0.220315 0.709891
255 -0.152683 -0.457935 0.970857
263 1.52037 0.264438 1.84236
268 -0.187802 -0.358397 0.824112
296 0.944275 0.281944 2.60828
310 1.03089 0.857873 1.62827
321 0.10674 0.372249 1.8937
327 0.11073 0.525954 1.92695
337 -0.133943 -0.391387 1.01123
345 0.30667 -0.317353 2.30253
346 0.626197 0.343851 1.83409
377 0.455294 0.365789 1.80472
380 0.245505 0.126091 2.27013
391 0.278377 0.363318 1.82
408 0.437249 -0.19958 2.01866
413 -0.229097 -0.263613 0.639988
418 0.665519 -0.0646369 2.5207
423 -0.14413 -0.481978 0.868472
427 1.51413 -0.410283 2.11884
436 0.862123 0.249266 2.2275
449 0.576893 0.192279 1.59223
505 -0.146624 -0.394837 0.973492
539 0.656694 0.110925 1.90392
559 0.566039 -0.160837 2.28348
566 1.49539 -0.493935 2.20635
591 -0.230055 -0.132261 0.672708
640 0.247716 0.33596 2.06795
673 0.210972 -0.950511 2.1032
675 0.6104 -0.584952 2.18497
886 0.953769 0.492772 1.58172
1219 1.21743 -0.36216 1.83725
1368 -0.226211 -0.350606 0.696683
1524 0.485581 -0.272535 2.14763
1546 -0.16899 -0.475898 0.943628
1558 1.27364 0.389181 1.97474
1607 0.733957 0.523365 1.63675
1756 0.744623 0.23061 2.13949
1800 -0.207175 -0.146857 0.659605
1855 0.327923 0.449558 1.76618
1860 0.591564 0.250547 1.76885
1864 -0.215944 -0.393519 0.727302
1872 0.71929 0.528238 1.59886
1881 0.32719 0.520437 1.80677
1883 1.23039 0.186974 1.89719
1885 0.598011 0.500417 1.71064
1886 0.529304 0.457924 1.70948
1887 -0.193176 -0.401174 0.832765
1893 -0.187338 -0.204465 0.772406
1901 0.347914 -0.175751 2.29495
1938 -0.247394 -0.157429 0.604801
1939 0.638069 0.199346 2.01731
1941 0.57372 0.616642 1.67434
1951 1.23269 0.303201 1.93689
1986 0.53966 -0.224998 2.38336
2017 -0.227124 -0.321942 0.654461
2034 0.772573 0.708714 1.74551
2040 0.389102 -0.195397 2.00556
2115 0.235215 -0.0471845 2.28571
2121 0.5857 0.489958 1.50836
2134 -0.154255 -0.48282 0.885285
2157 0.416718 -0.28311 2.22529
2188 0.374776 0.292294 1.79289
2194 -0.227519 -0.345692 0.66654
2211 0.774155 0.47178 1.68595
2220 1.28655 -0.398686 1.88095
2261 1.36191 0.390933 1.82933
2280 1.43744 -0.442381 2.07147
2288 -0.202157 -0.213106 0.737621
2293 1.57883 0.269426 1.92563
2312 0.495096 0.482653 1.68181
2334 1.44138 -0.323772 1.97609
2402 1.4796 -0.417727 1.91692
2408 1.46301 -0.364559 2.02526
2423 0.214048 -0.0975735 2.21273
2480 -0.226876 -0.172158 0.651905
2485 1.48077 -0.366696 2.1104
2521 0.373302 0.522222 1.71088
2552 -0.190773 -0.381651 0.756806
2556 -0.278402 -0.317349 0.87682
2558 -0.255918 -0.298692 0.884622
2567 1.56118 0.434505 1.90291
2592 0.703596 0.361614 1.79579
2644 -0.197237 -0.18892 0.82313
2674 -0.205964 -0.392606 0.759543
2719 1.18634 -0.385875 1.79256
2774 -0.175376 -0.23666 0.828388
2792 0.562244 0.128423 1.76829
2814 -0.16984 -0.359383 0.797532
2849 1.43343 -0.416134 1.95509
2869 1.38935 0.162769 1.70731
2881 0.414391 0.718193 1.93301
2899 -0.207922 -0.213257 0.612281
2914 1.60615 0.370686 1.91501
2928 1.73472 0.435529 1.92283
2933 1.75709 0.37027 1.95105
2941 1.60471 0.32391 1.84713
2959 1.50919 0.35111 1.74601
2960 1.50818 0.308594 1.69667
2966 1.48444 0.143307 1.7955
2970 0.768992 0.371905 1.61275
3016 0.678733 0.387405 1.53205
3060 -0.184105 -0.155378 0.570018
3066 -0.195946 -0.169911 0.591002
3083 -0.166716 -0.13748 0.679179
3086 0.993993 -0.847001 1.64294
3096 -0.154089 -0.300545 0.744685
3141 -0.21608 -0.12744 0.616508
3164 1.34951 -0.441513 1.81615
3170 -0.154347 -0.367847 0.831404
3211 1.50763 0.385191 1.7667
3234 -0.139172 -0.410712 0.967356
3240 0.761016 -0.61345 1.16217
3250 -0.239967 -0.190337 0.602876
3258 -0.224768 -0.153397 0.64616
3261 1.36886 0.366186 2.01209
3269 0.989671 0.571497 1.63441
3278 0.506398 -0.178412 2.32354
3279 -0.261074 -0.333758 0.733181
3300 -0.210731 -0.164597 0.670099
3314 1.48746 0.405169 1.86584
3344 -0.218311 -0.205261 0.618742
3348 0.311815 0.641573 1.43948
3375 1.65225 0.436664 1.88329
3376 1.59128 0.268575 1.88038
3388 -0.216954 -0.180102 0.602008
3398 -0.22185 -0.275315 0.728395
3399 -0.219854 -0.165362 0.595742
3403 -0.201648 -0.242236 0.624167
3404 -0.254126 -0.225146 0.985063
3412 1.22013 0.174362 1.50267
3421 0.398206 0.833329 1.80396
